# PWS data fitted in objective function
# The most recent age comps (with sample sizes) for the most recent model

# Seine sample sizes 
511
237
605
814
1337
1861
5645
3656
6685
0
3669
6779
2248
0
0
0
0
888
443
0
0
0
0
0
0
0
0
0
0
0
0
0
0
0
0
0
0
0
0
0
0
0
0
0

# Spawning sample sizes (last is assumed) CHANGE LAST ONE WHEN RECEEIEVD
511
237
605
814
1337
1861
5645
3656
6685
3926
3669
6779
2248
4381
4050
4343
4071
5705
8378
5798
3605
3282
4931
4021
2473
2214
1746
3874
5375
3685
2028
2203
4942
1395
2611
1265
1766
2944
2279
1795
1328
2987
2827
399

# Antibody sample sizes
0
0
0
0
0
0
0
0
0
0
0
0
0
0
0
0
0
0
0
0
0
0
0
0
0
0
0
0
0
0
0
0
156
165
162
57
140
374
354
367
247
0
0
0
